((("data" .
   [0 0 2 0])
  ("message" .
   [0 0 0 1 0 0 0])
  ("log" .
   [2 0 0])
  ("console" .
   [2 0 0 0 0 0 0])
  ("multiple-cursors" .
   [0 0 0 0 0 1 0 0 0 0 0 0 0 0 0 0])
  ("require" .
   [0 0 0 1 0 0 0])
  ("ValueError" .
   [0 0 1 0 0 0 0 0 0 0])
  ("traceback" .
   [0 0 1 0 0 0 0 0 0])
  ("classmethod" .
   [0 0 1 0 0 0 0 0 0 0 0])
  ("import" .
   [0 0 1 1 0 0])
  ("codeop" .
   [0 0 0 1 0 0])
  ("com" .
   [0 0 1])
  ("class" .
   [0 0 1 0 1])
  ("mv" .
   [1 0])
  ("hello" .
   [0 0 0 0 1])
  ("cd" .
   [1 0])
  ("react" .
   [0 0 1 0 0])
  ("ls" .
   [2 0])
  ("onFocus" .
   [0 0 0 1 1 0 1])
  ("~/goworkspace" .
   [0 0 0 1 0 0 0 0 0 0 0 0 0])
  ("pass" .
   [0 0 1 0])
  ("not" .
   [0 0 1])
  ("node" .
   [3 0 0 0])
  ("_tree" .
   [0 0 0 1 0])
  ("tag" .
   [1 0 0])
  ("elem2dict" .
   [0 0 0 1 0 0 0 0 0])
  ("iter" .
   [0 0 1 0])
  ("__name__" .
   [0 0 0 0 1 0 0 0])))
